[Misc]
TextOutline=0
GlareToggle=1
MenuX=0.170000
Gradient=0.000000
DisplayEnd=1
[Title Rect]
Texture=0
R=255
G=255
B=255
A=195
[Title Text]
R=255
G=255
B=255
A=255
F=7
[Option Text]
R=255
G=255
B=255
A=255
F=0
[Option Rect]
R=0
G=0
B=0
A=195
[Scroller]
R=255
G=255
B=255
A=200
[Break Text]
R=255
G=255
B=255
A=255
F=1
[Integre]
R=255
G=255
B=255
[Primary]
R=255
G=255
B=0
A=100
[Secondary]
R=255
G=255
B=255
A=255
